[
[1,360.0,1.0,1.0,
0.562,0.242,0.672,
0.5,0.094,0.688,
0.438,0.164,0.766,
0.469,0.242,0.758],[1,360.0,1.0,1.0,
-0.562,0.242,0.672,
-0.469,0.242,0.758,
-0.438,0.164,0.766,
-0.5,0.094,0.688],[1,360.0,1.0,1.0,
0.625,0.242,0.562,
0.547,0.055,0.578,
0.5,0.094,0.688,
0.562,0.242,0.672],[1,360.0,1.0,1.0,
-0.625,0.242,0.562,
-0.562,0.242,0.672,
-0.5,0.094,0.688,
-0.547,0.055,0.578],[1,360.0,1.0,1.0,
0.547,0.055,0.578,
0.352,-0.023,0.617,
0.352,0.031,0.719,
0.5,0.094,0.688],[1,360.0,1.0,1.0,
-0.547,0.055,0.578,
-0.5,0.094,0.688,
-0.352,0.031,0.719,
-0.352,-0.023,0.617],[1,360.0,1.0,1.0,
0.5,0.094,0.688,
0.352,0.031,0.719,
0.352,0.133,0.781,
0.438,0.164,0.766],[1,360.0,1.0,1.0,
-0.5,0.094,0.688,
-0.438,0.164,0.766,
-0.352,0.133,0.781,
-0.352,0.031,0.719],[1,360.0,1.0,1.0,
0.352,0.031,0.719,
0.203,0.094,0.742,
0.273,0.164,0.797,
0.352,0.133,0.781],[1,360.0,1.0,1.0,
-0.352,0.031,0.719,
-0.352,0.133,0.781,
-0.273,0.164,0.797,
-0.203,0.094,0.742],[1,360.0,1.0,1.0,
0.352,-0.023,0.617,
0.156,0.055,0.648,
0.203,0.094,0.742,
0.352,0.031,0.719],[1,360.0,1.0,1.0,
-0.352,-0.023,0.617,
-0.352,0.031,0.719,
-0.203,0.094,0.742,
-0.156,0.055,0.648],[1,360.0,1.0,1.0,
0.156,0.055,0.648,
0.078,0.242,0.656,
0.141,0.242,0.742,
0.203,0.094,0.742],[1,360.0,1.0,1.0,
-0.156,0.055,0.648,
-0.203,0.094,0.742,
-0.141,0.242,0.742,
-0.078,0.242,0.656],[1,360.0,1.0,1.0,
0.203,0.094,0.742,
0.141,0.242,0.742,
0.242,0.242,0.797,
0.273,0.164,0.797],[1,360.0,1.0,1.0,
-0.203,0.094,0.742,
-0.273,0.164,0.797,
-0.242,0.242,0.797,
-0.141,0.242,0.742],[1,360.0,1.0,1.0,
0.141,0.242,0.742,
0.203,0.391,0.742,
0.273,0.328,0.797,
0.242,0.242,0.797],[1,360.0,1.0,1.0,
-0.141,0.242,0.742,
-0.242,0.242,0.797,
-0.273,0.328,0.797,
-0.203,0.391,0.742],[1,360.0,1.0,1.0,
0.078,0.242,0.656,
0.156,0.438,0.648,
0.203,0.391,0.742,
0.141,0.242,0.742],[1,360.0,1.0,1.0,
-0.078,0.242,0.656,
-0.141,0.242,0.742,
-0.203,0.391,0.742,
-0.156,0.438,0.648],[1,360.0,1.0,1.0,
0.156,0.438,0.648,
0.352,0.516,0.617,
0.352,0.453,0.719,
0.203,0.391,0.742],[1,360.0,1.0,1.0,
-0.156,0.438,0.648,
-0.203,0.391,0.742,
-0.352,0.453,0.719,
-0.352,0.516,0.617],[1,360.0,1.0,1.0,
0.203,0.391,0.742,
0.352,0.453,0.719,
0.352,0.359,0.781,
0.273,0.328,0.797],[1,360.0,1.0,1.0,
-0.203,0.391,0.742,
-0.273,0.328,0.797,
-0.352,0.359,0.781,
-0.352,0.453,0.719],[1,360.0,1.0,1.0,
0.352,0.453,0.719,
0.5,0.391,0.688,
0.438,0.328,0.766,
0.352,0.359,0.781],[1,360.0,1.0,1.0,
-0.352,0.453,0.719,
-0.352,0.359,0.781,
-0.438,0.328,0.766,
-0.5,0.391,0.688],[1,360.0,1.0,1.0,
0.352,0.516,0.617,
0.547,0.438,0.578,
0.5,0.391,0.688,
0.352,0.453,0.719],[1,360.0,1.0,1.0,
-0.352,0.516,0.617,
-0.352,0.453,0.719,
-0.5,0.391,0.688,
-0.547,0.438,0.578],[1,360.0,1.0,1.0,
0.547,0.438,0.578,
0.625,0.242,0.562,
0.562,0.242,0.672,
0.5,0.391,0.688],[1,360.0,1.0,1.0,
-0.547,0.438,0.578,
-0.5,0.391,0.688,
-0.562,0.242,0.672,
-0.625,0.242,0.562],[1,360.0,1.0,1.0,
0.5,0.391,0.688,
0.562,0.242,0.672,
0.469,0.242,0.758,
0.438,0.328,0.766],[1,360.0,1.0,1.0,
-0.5,0.391,0.688,
-0.438,0.328,0.766,
-0.469,0.242,0.758,
-0.562,0.242,0.672],[1,360.0,1.0,1.0,
0.477,0.242,0.773,
0.445,0.336,0.781,
0.438,0.328,0.766,
0.469,0.242,0.758],[1,360.0,1.0,1.0,
-0.477,0.242,0.773,
-0.469,0.242,0.758,
-0.438,0.328,0.766,
-0.445,0.336,0.781],[1,360.0,1.0,1.0,
0.445,0.336,0.781,
0.352,0.375,0.805,
0.352,0.359,0.781,
0.438,0.328,0.766],[1,360.0,1.0,1.0,
-0.445,0.336,0.781,
-0.438,0.328,0.766,
-0.352,0.359,0.781,
-0.352,0.375,0.805],[1,360.0,1.0,1.0,
0.352,0.375,0.805,
0.266,0.336,0.82,
0.273,0.328,0.797,
0.352,0.359,0.781],[1,360.0,1.0,1.0,
-0.352,0.375,0.805,
-0.352,0.359,0.781,
-0.273,0.328,0.797,
-0.266,0.336,0.82],[1,360.0,1.0,1.0,
0.266,0.336,0.82,
0.227,0.242,0.82,
0.242,0.242,0.797,
0.273,0.328,0.797],[1,360.0,1.0,1.0,
-0.266,0.336,0.82,
-0.273,0.328,0.797,
-0.242,0.242,0.797,
-0.227,0.242,0.82],[1,360.0,1.0,1.0,
0.227,0.242,0.82,
0.266,0.156,0.82,
0.273,0.164,0.797,
0.242,0.242,0.797],[1,360.0,1.0,1.0,
-0.227,0.242,0.82,
-0.242,0.242,0.797,
-0.273,0.164,0.797,
-0.266,0.156,0.82],[1,360.0,1.0,1.0,
0.266,0.156,0.82,
0.352,0.117,0.805,
0.352,0.133,0.781,
0.273,0.164,0.797],[1,360.0,1.0,1.0,
-0.266,0.156,0.82,
-0.273,0.164,0.797,
-0.352,0.133,0.781,
-0.352,0.117,0.805],[1,360.0,1.0,1.0,
0.352,0.117,0.805,
0.445,0.156,0.781,
0.438,0.164,0.766,
0.352,0.133,0.781],[1,360.0,1.0,1.0,
-0.352,0.117,0.805,
-0.352,0.133,0.781,
-0.438,0.164,0.766,
-0.445,0.156,0.781],[1,360.0,1.0,1.0,
0.445,0.156,0.781,
0.477,0.242,0.773,
0.469,0.242,0.758,
0.438,0.164,0.766],[1,360.0,1.0,1.0,
-0.445,0.156,0.781,
-0.438,0.164,0.766,
-0.469,0.242,0.758,
-0.477,0.242,0.773],[1,360.0,1.0,1.0,
0.477,0.242,0.773,
0.445,0.156,0.781,
0.352,0.242,0.828],[1,360.0,1.0,1.0,
-0.352,0.242,0.828,
-0.445,0.156,0.781,
-0.477,0.242,0.773],[1,360.0,1.0,1.0,
0.352,0.242,0.828,
0.445,0.156,0.781,
0.352,0.117,0.805],[1,360.0,1.0,1.0,
-0.352,0.117,0.805,
-0.445,0.156,0.781,
-0.352,0.242,0.828],[1,360.0,1.0,1.0,
0.352,0.117,0.805,
0.266,0.156,0.82,
0.352,0.242,0.828],[1,360.0,1.0,1.0,
-0.352,0.242,0.828,
-0.266,0.156,0.82,
-0.352,0.117,0.805],[1,360.0,1.0,1.0,
0.266,0.156,0.82,
0.227,0.242,0.82,
0.352,0.242,0.828],[1,360.0,1.0,1.0,
-0.352,0.242,0.828,
-0.227,0.242,0.82,
-0.266,0.156,0.82],[1,360.0,1.0,1.0,
0.227,0.242,0.82,
0.266,0.336,0.82,
0.352,0.242,0.828],[1,360.0,1.0,1.0,
-0.352,0.242,0.828,
-0.266,0.336,0.82,
-0.227,0.242,0.82],[1,360.0,1.0,1.0,
0.266,0.336,0.82,
0.352,0.375,0.805,
0.352,0.242,0.828],[1,360.0,1.0,1.0,
-0.352,0.242,0.828,
-0.352,0.375,0.805,
-0.266,0.336,0.82],[1,360.0,1.0,1.0,
0.352,0.375,0.805,
0.445,0.336,0.781,
0.352,0.242,0.828],[1,360.0,1.0,1.0,
-0.352,0.242,0.828,
-0.445,0.336,0.781,
-0.352,0.375,0.805],[1,360.0,1.0,1.0,
0.445,0.336,0.781,
0.477,0.242,0.773,
0.352,0.242,0.828],[1,360.0,1.0,1.0,
-0.352,0.242,0.828,
-0.477,0.242,0.773,
-0.445,0.336,0.781],[1,360.0,1.0,1.0,
0.0,-0.984,0.578,
0.0,-0.945,0.641,
0.164,-0.93,0.633,
0.18,-0.969,0.555],[1,360.0,1.0,1.0,
0.0,-0.984,0.578,
-0.18,-0.969,0.555,
-0.164,-0.93,0.633,
0.0,-0.945,0.641],[1,360.0,1.0,1.0,
0.18,-0.969,0.555,
0.164,-0.93,0.633,
0.234,-0.914,0.633,
0.328,-0.945,0.523],[1,360.0,1.0,1.0,
-0.18,-0.969,0.555,
-0.328,-0.945,0.523,
-0.234,-0.914,0.633,
-0.164,-0.93,0.633],[1,360.0,1.0,1.0,
0.328,-0.945,0.523,
0.234,-0.914,0.633,
0.266,-0.82,0.664,
0.367,-0.891,0.531],[1,360.0,1.0,1.0,
-0.328,-0.945,0.523,
-0.367,-0.891,0.531,
-0.266,-0.82,0.664,
-0.234,-0.914,0.633],[1,360.0,1.0,1.0,
0.367,-0.891,0.531,
0.266,-0.82,0.664,
0.25,-0.703,0.688,
0.352,-0.695,0.57],[1,360.0,1.0,1.0,
-0.367,-0.891,0.531,
-0.352,-0.695,0.57,
-0.25,-0.703,0.688,
-0.266,-0.82,0.664],[1,360.0,1.0,1.0,
0.352,-0.695,0.57,
0.25,-0.703,0.688,
0.211,-0.445,0.711,
0.312,-0.438,0.57],[1,360.0,1.0,1.0,
-0.352,-0.695,0.57,
-0.312,-0.438,0.57,
-0.211,-0.445,0.711,
-0.25,-0.703,0.688],[1,360.0,1.0,1.0,
0.125,-0.102,0.812,
0.398,-0.047,0.672,
0.438,-0.141,0.531,
0.203,-0.188,0.562],[1,360.0,1.0,1.0,
-0.125,-0.102,0.812,
-0.203,-0.188,0.562,
-0.438,-0.141,0.531,
-0.398,-0.047,0.672],[1,360.0,1.0,1.0,
0.398,-0.047,0.672,
0.617,0.055,0.625,
0.633,-0.039,0.539,
0.438,-0.141,0.531],[1,360.0,1.0,1.0,
-0.398,-0.047,0.672,
-0.438,-0.141,0.531,
-0.633,-0.039,0.539,
-0.617,0.055,0.625],[1,360.0,1.0,1.0,
0.617,0.055,0.625,
0.727,0.203,0.602,
0.828,0.148,0.445,
0.633,-0.039,0.539],[1,360.0,1.0,1.0,
-0.617,0.055,0.625,
-0.633,-0.039,0.539,
-0.828,0.148,0.445,
-0.727,0.203,0.602],[1,360.0,1.0,1.0,
0.727,0.203,0.602,
0.742,0.375,0.656,
0.859,0.43,0.594,
0.828,0.148,0.445],[1,360.0,1.0,1.0,
-0.727,0.203,0.602,
-0.828,0.148,0.445,
-0.859,0.43,0.594,
-0.742,0.375,0.656],[1,360.0,1.0,1.0,
0.742,0.375,0.656,
0.688,0.414,0.727,
0.711,0.484,0.625,
0.859,0.43,0.594],[1,360.0,1.0,1.0,
-0.742,0.375,0.656,
-0.859,0.43,0.594,
-0.711,0.484,0.625,
-0.688,0.414,0.727],[1,360.0,1.0,1.0,
0.688,0.414,0.727,
0.438,0.547,0.797,
0.492,0.602,0.688,
0.711,0.484,0.625],[1,360.0,1.0,1.0,
-0.688,0.414,0.727,
-0.711,0.484,0.625,
-0.492,0.602,0.688,
-0.438,0.547,0.797],[1,360.0,1.0,1.0,
0.438,0.547,0.797,
0.312,0.641,0.836,
0.32,0.758,0.734,
0.492,0.602,0.688],[1,360.0,1.0,1.0,
-0.438,0.547,0.797,
-0.492,0.602,0.688,
-0.32,0.758,0.734,
-0.312,0.641,0.836],[1,360.0,1.0,1.0,
0.312,0.641,0.836,
0.203,0.617,0.852,
0.156,0.719,0.758,
0.32,0.758,0.734],[1,360.0,1.0,1.0,
-0.312,0.641,0.836,
-0.32,0.758,0.734,
-0.156,0.719,0.758,
-0.203,0.617,0.852],[1,360.0,1.0,1.0,
0.203,0.617,0.852,
0.102,0.43,0.844,
0.062,0.492,0.75,
0.156,0.719,0.758],[1,360.0,1.0,1.0,
-0.203,0.617,0.852,
-0.156,0.719,0.758,
-0.062,0.492,0.75,
-0.102,0.43,0.844],[1,360.0,1.0,1.0,
0.102,0.43,0.844,
0.0,0.352,0.82,
0.0,0.43,0.742,
0.062,0.492,0.75],[1,360.0,1.0,1.0,
-0.102,0.43,0.844,
-0.062,0.492,0.75,
0.0,0.43,0.742,
0.0,0.352,0.82],[1,360.0,1.0,1.0,
0.102,0.43,0.844,
0.203,0.617,0.852,
0.25,0.469,0.758,
0.164,0.414,0.773],[1,360.0,1.0,1.0,
-0.102,0.43,0.844,
-0.164,0.414,0.773,
-0.25,0.469,0.758,
-0.203,0.617,0.852],[1,360.0,1.0,1.0,
0.203,0.617,0.852,
0.312,0.641,0.836,
0.328,0.477,0.742,
0.25,0.469,0.758],[1,360.0,1.0,1.0,
-0.203,0.617,0.852,
-0.25,0.469,0.758,
-0.328,0.477,0.742,
-0.312,0.641,0.836],[1,360.0,1.0,1.0,
0.328,0.477,0.742,
0.312,0.641,0.836,
0.438,0.547,0.797,
0.43,0.438,0.719],[1,360.0,1.0,1.0,
-0.328,0.477,0.742,
-0.43,0.438,0.719,
-0.438,0.547,0.797,
-0.312,0.641,0.836],[1,360.0,1.0,1.0,
0.43,0.438,0.719,
0.438,0.547,0.797,
0.688,0.414,0.727,
0.602,0.375,0.664],[1,360.0,1.0,1.0,
-0.43,0.438,0.719,
-0.602,0.375,0.664,
-0.688,0.414,0.727,
-0.438,0.547,0.797],[1,360.0,1.0,1.0,
0.602,0.375,0.664,
0.688,0.414,0.727,
0.742,0.375,0.656,
0.641,0.297,0.648],[1,360.0,1.0,1.0,
-0.602,0.375,0.664,
-0.641,0.297,0.648,
-0.742,0.375,0.656,
-0.688,0.414,0.727],[1,360.0,1.0,1.0,
0.641,0.297,0.648,
0.742,0.375,0.656,
0.727,0.203,0.602,
0.625,0.188,0.648],[1,360.0,1.0,1.0,
-0.641,0.297,0.648,
-0.625,0.188,0.648,
-0.727,0.203,0.602,
-0.742,0.375,0.656],[1,360.0,1.0,1.0,
0.625,0.188,0.648,
0.727,0.203,0.602,
0.617,0.055,0.625,
0.492,0.062,0.672],[1,360.0,1.0,1.0,
-0.625,0.188,0.648,
-0.492,0.062,0.672,
-0.617,0.055,0.625,
-0.727,0.203,0.602],[1,360.0,1.0,1.0,
0.492,0.062,0.672,
0.617,0.055,0.625,
0.398,-0.047,0.672,
0.375,0.016,0.703],[1,360.0,1.0,1.0,
-0.492,0.062,0.672,
-0.375,0.016,0.703,
-0.398,-0.047,0.672,
-0.617,0.055,0.625],[1,360.0,1.0,1.0,
0.375,0.016,0.703,
0.398,-0.047,0.672,
0.125,-0.102,0.812,
0.203,0.094,0.742],[1,360.0,1.0,1.0,
-0.375,0.016,0.703,
-0.203,0.094,0.742,
-0.125,-0.102,0.812,
-0.398,-0.047,0.672],[1,360.0,1.0,1.0,
0.125,-0.102,0.812,
0.0,0.047,0.727,
0.164,0.141,0.75,
0.203,0.094,0.742],[1,360.0,1.0,1.0,
-0.125,-0.102,0.812,
-0.203,0.094,0.742,
-0.164,0.141,0.75,
0.0,0.047,0.727],[1,360.0,1.0,1.0,
0.125,0.305,0.766,
0.0,0.352,0.82,
0.102,0.43,0.844,
0.164,0.414,0.773],[1,360.0,1.0,1.0,
-0.125,0.305,0.766,
-0.164,0.414,0.773,
-0.102,0.43,0.844,
0.0,0.352,0.82],[1,360.0,1.0,1.0,
0.133,0.211,0.758,
0.0,0.211,0.766,
0.0,0.352,0.82,
0.125,0.305,0.766],[1,360.0,1.0,1.0,
-0.133,0.211,0.758,
-0.125,0.305,0.766,
0.0,0.352,0.82,
0.0,0.211,0.766],[1,360.0,1.0,1.0,
0.0,0.211,0.766,
0.133,0.211,0.758,
0.164,0.141,0.75,
0.0,0.047,0.727],[1,360.0,1.0,1.0,
0.0,0.211,0.766,
0.0,0.047,0.727,
-0.164,0.141,0.75,
-0.133,0.211,0.758],[1,360.0,1.0,1.0,
0.164,-0.93,0.633,
0.0,-0.945,0.641,
0.0,-0.891,0.688,
0.062,-0.883,0.695],[1,360.0,1.0,1.0,
-0.164,-0.93,0.633,
-0.062,-0.883,0.695,
0.0,-0.891,0.688,
0.0,-0.945,0.641],[1,360.0,1.0,1.0,
0.234,-0.914,0.633,
0.164,-0.93,0.633,
0.062,-0.883,0.695,
0.117,-0.836,0.711],[1,360.0,1.0,1.0,
-0.234,-0.914,0.633,
-0.117,-0.836,0.711,
-0.062,-0.883,0.695,
-0.164,-0.93,0.633],[1,360.0,1.0,1.0,
0.266,-0.82,0.664,
0.234,-0.914,0.633,
0.117,-0.836,0.711,
0.109,-0.719,0.734],[1,360.0,1.0,1.0,
-0.266,-0.82,0.664,
-0.109,-0.719,0.734,
-0.117,-0.836,0.711,
-0.234,-0.914,0.633],[1,360.0,1.0,1.0,
0.25,-0.703,0.688,
0.117,-0.688,0.734,
0.078,-0.445,0.75,
0.211,-0.445,0.711],[1,360.0,1.0,1.0,
-0.25,-0.703,0.688,
-0.211,-0.445,0.711,
-0.078,-0.445,0.75,
-0.117,-0.688,0.734],[1,360.0,1.0,1.0,
0.117,-0.688,0.734,
0.25,-0.703,0.688,
0.266,-0.82,0.664,
0.109,-0.719,0.734],[1,360.0,1.0,1.0,
-0.117,-0.688,0.734,
-0.109,-0.719,0.734,
-0.266,-0.82,0.664,
-0.25,-0.703,0.688],[1,360.0,1.0,1.0,
0.078,-0.445,0.75,
0.0,-0.445,0.75,
0.0,-0.328,0.742,
0.086,-0.289,0.742],[1,360.0,1.0,1.0,
-0.078,-0.445,0.75,
-0.086,-0.289,0.742,
0.0,-0.328,0.742,
0.0,-0.445,0.75],[1,360.0,1.0,1.0,
0.0,-0.68,0.734,
0.0,-0.445,0.75,
0.078,-0.445,0.75,
0.117,-0.688,0.734],[1,360.0,1.0,1.0,
0.0,-0.68,0.734,
-0.117,-0.688,0.734,
-0.078,-0.445,0.75,
0.0,-0.445,0.75],[1,360.0,1.0,1.0,
0.0,-0.68,0.734,
0.117,-0.688,0.734,
0.109,-0.719,0.734,
0.0,-0.766,0.734],[1,360.0,1.0,1.0,
0.0,-0.68,0.734,
0.0,-0.766,0.734,
-0.109,-0.719,0.734,
-0.117,-0.688,0.734],[1,360.0,1.0,1.0,
0.086,-0.289,0.742,
0.094,-0.273,0.781,
0.133,-0.227,0.797,
0.125,-0.227,0.75],[1,360.0,1.0,1.0,
-0.086,-0.289,0.742,
-0.125,-0.227,0.75,
-0.133,-0.227,0.797,
-0.094,-0.273,0.781],[1,360.0,1.0,1.0,
0.125,-0.227,0.75,
0.133,-0.227,0.797,
0.109,-0.133,0.781,
0.102,-0.148,0.742],[1,360.0,1.0,1.0,
-0.125,-0.227,0.75,
-0.102,-0.148,0.742,
-0.109,-0.133,0.781,
-0.133,-0.227,0.797],[1,360.0,1.0,1.0,
0.102,-0.148,0.742,
0.109,-0.133,0.781,
0.039,-0.125,0.781,
0.0,-0.141,0.742],[1,360.0,1.0,1.0,
-0.102,-0.148,0.742,
0.0,-0.141,0.742,
-0.039,-0.125,0.781,
-0.109,-0.133,0.781],[1,360.0,1.0,1.0,
0.0,-0.141,0.742,
0.039,-0.125,0.781,
0.0,-0.188,0.797,
0.0,-0.195,0.75],[1,360.0,1.0,1.0,
0.0,-0.141,0.742,
0.0,-0.195,0.75,
0.0,-0.188,0.797,
-0.039,-0.125,0.781],[1,360.0,1.0,1.0,
0.0,-0.32,0.781,
0.094,-0.273,0.781,
0.086,-0.289,0.742,
0.0,-0.328,0.742],[1,360.0,1.0,1.0,
0.0,-0.32,0.781,
0.0,-0.328,0.742,
-0.086,-0.289,0.742,
-0.094,-0.273,0.781],[1,360.0,1.0,1.0,
0.0,-0.289,0.805,
0.078,-0.25,0.805,
0.094,-0.273,0.781,
0.0,-0.32,0.781],[1,360.0,1.0,1.0,
0.0,-0.289,0.805,
0.0,-0.32,0.781,
-0.094,-0.273,0.781,
-0.078,-0.25,0.805],[1,360.0,1.0,1.0,
0.039,-0.125,0.781,
0.047,-0.148,0.812,
0.0,-0.203,0.828,
0.0,-0.188,0.797],[1,360.0,1.0,1.0,
-0.039,-0.125,0.781,
0.0,-0.188,0.797,
0.0,-0.203,0.828,
-0.047,-0.148,0.812],[1,360.0,1.0,1.0,
0.109,-0.133,0.781,
0.094,-0.156,0.812,
0.047,-0.148,0.812,
0.039,-0.125,0.781],[1,360.0,1.0,1.0,
-0.109,-0.133,0.781,
-0.039,-0.125,0.781,
-0.047,-0.148,0.812,
-0.094,-0.156,0.812],[1,360.0,1.0,1.0,
0.133,-0.227,0.797,
0.109,-0.227,0.828,
0.094,-0.156,0.812,
0.109,-0.133,0.781],[1,360.0,1.0,1.0,
-0.133,-0.227,0.797,
-0.109,-0.133,0.781,
-0.094,-0.156,0.812,
-0.109,-0.227,0.828],[1,360.0,1.0,1.0,
0.094,-0.273,0.781,
0.078,-0.25,0.805,
0.109,-0.227,0.828,
0.133,-0.227,0.797],[1,360.0,1.0,1.0,
-0.094,-0.273,0.781,
-0.133,-0.227,0.797,
-0.109,-0.227,0.828,
-0.078,-0.25,0.805],[1,360.0,1.0,1.0,
0.047,-0.148,0.812,
0.094,-0.156,0.812,
0.109,-0.227,0.828,
0.0,-0.203,0.828],[1,360.0,1.0,1.0,
-0.047,-0.148,0.812,
0.0,-0.203,0.828,
-0.109,-0.227,0.828,
-0.094,-0.156,0.812],[1,360.0,1.0,1.0,
0.109,-0.227,0.828,
0.078,-0.25,0.805,
0.0,-0.289,0.805,
0.0,-0.203,0.828],[1,360.0,1.0,1.0,
-0.109,-0.227,0.828,
0.0,-0.203,0.828,
0.0,-0.289,0.805,
-0.078,-0.25,0.805],[1,360.0,1.0,1.0,
0.0,0.047,0.727,
0.125,-0.102,0.812,
0.102,-0.148,0.742,
0.0,-0.141,0.742],[1,360.0,1.0,1.0,
0.0,0.047,0.727,
0.0,-0.141,0.742,
-0.102,-0.148,0.742,
-0.125,-0.102,0.812],[1,360.0,1.0,1.0,
0.125,-0.102,0.812,
0.164,-0.242,0.711,
0.125,-0.227,0.75,
0.102,-0.148,0.742],[1,360.0,1.0,1.0,
-0.125,-0.102,0.812,
-0.102,-0.148,0.742,
-0.125,-0.227,0.75,
-0.164,-0.242,0.711],[1,360.0,1.0,1.0,
0.164,-0.242,0.711,
0.18,-0.312,0.711,
0.086,-0.289,0.742,
0.125,-0.227,0.75],[1,360.0,1.0,1.0,
-0.164,-0.242,0.711,
-0.125,-0.227,0.75,
-0.086,-0.289,0.742,
-0.18,-0.312,0.711],[1,360.0,1.0,1.0,
0.18,-0.312,0.711,
0.211,-0.445,0.711,
0.078,-0.445,0.75,
0.086,-0.289,0.742],[1,360.0,1.0,1.0,
-0.18,-0.312,0.711,
-0.086,-0.289,0.742,
-0.078,-0.445,0.75,
-0.211,-0.445,0.711],[1,360.0,1.0,1.0,
0.211,-0.445,0.711,
0.18,-0.312,0.711,
0.258,-0.312,0.555,
0.312,-0.438,0.57],[1,360.0,1.0,1.0,
-0.211,-0.445,0.711,
-0.312,-0.438,0.57,
-0.258,-0.312,0.555,
-0.18,-0.312,0.711],[1,360.0,1.0,1.0,
0.18,-0.312,0.711,
0.164,-0.242,0.711,
0.234,-0.25,0.555,
0.258,-0.312,0.555],[1,360.0,1.0,1.0,
-0.18,-0.312,0.711,
-0.258,-0.312,0.555,
-0.234,-0.25,0.555,
-0.164,-0.242,0.711],[1,360.0,1.0,1.0,
0.234,-0.25,0.555,
0.164,-0.242,0.711,
0.125,-0.102,0.812,
0.203,-0.188,0.562],[1,360.0,1.0,1.0,
-0.234,-0.25,0.555,
-0.203,-0.188,0.562,
-0.125,-0.102,0.812,
-0.164,-0.242,0.711],[1,360.0,1.0,1.0,
0.094,-0.742,0.727,
0.0,-0.773,0.719,
0.0,-0.766,0.734,
0.109,-0.719,0.734],[1,360.0,1.0,1.0,
-0.094,-0.742,0.727,
-0.109,-0.719,0.734,
0.0,-0.766,0.734,
0.0,-0.773,0.719],[1,360.0,1.0,1.0,
0.094,-0.82,0.711,
0.094,-0.742,0.727,
0.109,-0.719,0.734,
0.117,-0.836,0.711],[1,360.0,1.0,1.0,
-0.094,-0.82,0.711,
-0.117,-0.836,0.711,
-0.109,-0.719,0.734,
-0.094,-0.742,0.727],[1,360.0,1.0,1.0,
0.047,-0.867,0.688,
0.094,-0.82,0.711,
0.117,-0.836,0.711,
0.062,-0.883,0.695],[1,360.0,1.0,1.0,
-0.047,-0.867,0.688,
-0.062,-0.883,0.695,
-0.117,-0.836,0.711,
-0.094,-0.82,0.711],[1,360.0,1.0,1.0,
0.0,-0.875,0.688,
0.047,-0.867,0.688,
0.062,-0.883,0.695,
0.0,-0.891,0.688],[1,360.0,1.0,1.0,
0.0,-0.875,0.688,
0.0,-0.891,0.688,
-0.062,-0.883,0.695,
-0.047,-0.867,0.688],[1,360.0,1.0,1.0,
0.0,-0.859,0.633,
0.047,-0.852,0.633,
0.047,-0.867,0.688,
0.0,-0.875,0.688],[1,360.0,1.0,1.0,
0.0,-0.859,0.633,
0.0,-0.875,0.688,
-0.047,-0.867,0.688,
-0.047,-0.852,0.633],[1,360.0,1.0,1.0,
0.047,-0.852,0.633,
0.094,-0.812,0.641,
0.094,-0.82,0.711,
0.047,-0.867,0.688],[1,360.0,1.0,1.0,
-0.047,-0.852,0.633,
-0.047,-0.867,0.688,
-0.094,-0.82,0.711,
-0.094,-0.812,0.641],[1,360.0,1.0,1.0,
0.094,-0.812,0.641,
0.094,-0.75,0.664,
0.094,-0.742,0.727,
0.094,-0.82,0.711],[1,360.0,1.0,1.0,
-0.094,-0.812,0.641,
-0.094,-0.82,0.711,
-0.094,-0.742,0.727,
-0.094,-0.75,0.664],[1,360.0,1.0,1.0,
0.094,-0.75,0.664,
0.0,-0.781,0.656,
0.0,-0.773,0.719,
0.094,-0.742,0.727],[1,360.0,1.0,1.0,
-0.094,-0.75,0.664,
-0.094,-0.742,0.727,
0.0,-0.773,0.719,
0.0,-0.781,0.656],[1,360.0,1.0,1.0,
0.094,-0.75,0.664,
0.047,-0.852,0.633,
0.0,-0.859,0.633,
0.0,-0.781,0.656],[1,360.0,1.0,1.0,
-0.094,-0.75,0.664,
0.0,-0.781,0.656,
0.0,-0.859,0.633,
-0.047,-0.852,0.633],[1,360.0,1.0,1.0,
0.094,-0.812,0.641,
0.047,-0.852,0.633,
0.094,-0.75,0.664],[1,360.0,1.0,1.0,
-0.094,-0.75,0.664,
-0.047,-0.852,0.633,
-0.094,-0.812,0.641],[1,360.0,1.0,1.0,
0.172,0.219,0.781,
0.188,0.156,0.773,
0.164,0.141,0.75,
0.133,0.211,0.758],[1,360.0,1.0,1.0,
-0.172,0.219,0.781,
-0.133,0.211,0.758,
-0.164,0.141,0.75,
-0.188,0.156,0.773],[1,360.0,1.0,1.0,
0.18,0.297,0.781,
0.172,0.219,0.781,
0.133,0.211,0.758,
0.125,0.305,0.766],[1,360.0,1.0,1.0,
-0.18,0.297,0.781,
-0.125,0.305,0.766,
-0.133,0.211,0.758,
-0.172,0.219,0.781],[1,360.0,1.0,1.0,
0.211,0.375,0.781,
0.18,0.297,0.781,
0.125,0.305,0.766,
0.164,0.414,0.773],[1,360.0,1.0,1.0,
-0.211,0.375,0.781,
-0.164,0.414,0.773,
-0.125,0.305,0.766,
-0.18,0.297,0.781],[1,360.0,1.0,1.0,
0.188,0.156,0.773,
0.227,0.109,0.781,
0.203,0.094,0.742,
0.164,0.141,0.75],[1,360.0,1.0,1.0,
-0.188,0.156,0.773,
-0.164,0.141,0.75,
-0.203,0.094,0.742,
-0.227,0.109,0.781],[1,360.0,1.0,1.0,
0.227,0.109,0.781,
0.375,0.062,0.742,
0.375,0.016,0.703,
0.203,0.094,0.742],[1,360.0,1.0,1.0,
-0.227,0.109,0.781,
-0.203,0.094,0.742,
-0.375,0.016,0.703,
-0.375,0.062,0.742],[1,360.0,1.0,1.0,
0.375,0.062,0.742,
0.477,0.102,0.719,
0.492,0.062,0.672,
0.375,0.016,0.703],[1,360.0,1.0,1.0,
-0.375,0.062,0.742,
-0.375,0.016,0.703,
-0.492,0.062,0.672,
-0.477,0.102,0.719],[1,360.0,1.0,1.0,
0.477,0.102,0.719,
0.578,0.195,0.68,
0.625,0.188,0.648,
0.492,0.062,0.672],[1,360.0,1.0,1.0,
-0.477,0.102,0.719,
-0.492,0.062,0.672,
-0.625,0.188,0.648,
-0.578,0.195,0.68],[1,360.0,1.0,1.0,
0.578,0.195,0.68,
0.586,0.289,0.688,
0.641,0.297,0.648,
0.625,0.188,0.648],[1,360.0,1.0,1.0,
-0.578,0.195,0.68,
-0.625,0.188,0.648,
-0.641,0.297,0.648,
-0.586,0.289,0.688],[1,360.0,1.0,1.0,
0.586,0.289,0.688,
0.562,0.352,0.695,
0.602,0.375,0.664,
0.641,0.297,0.648],[1,360.0,1.0,1.0,
-0.586,0.289,0.688,
-0.641,0.297,0.648,
-0.602,0.375,0.664,
-0.562,0.352,0.695],[1,360.0,1.0,1.0,
0.562,0.352,0.695,
0.422,0.398,0.773,
0.43,0.438,0.719,
0.602,0.375,0.664],[1,360.0,1.0,1.0,
-0.562,0.352,0.695,
-0.602,0.375,0.664,
-0.43,0.438,0.719,
-0.422,0.398,0.773],[1,360.0,1.0,1.0,
0.422,0.398,0.773,
0.336,0.43,0.758,
0.328,0.477,0.742,
0.43,0.438,0.719],[1,360.0,1.0,1.0,
-0.422,0.398,0.773,
-0.43,0.438,0.719,
-0.328,0.477,0.742,
-0.336,0.43,0.758],[1,360.0,1.0,1.0,
0.336,0.43,0.758,
0.273,0.422,0.773,
0.25,0.469,0.758,
0.328,0.477,0.742],[1,360.0,1.0,1.0,
-0.336,0.43,0.758,
-0.328,0.477,0.742,
-0.25,0.469,0.758,
-0.273,0.422,0.773],[1,360.0,1.0,1.0,
0.273,0.422,0.773,
0.211,0.375,0.781,
0.164,0.414,0.773,
0.25,0.469,0.758],[1,360.0,1.0,1.0,
-0.273,0.422,0.773,
-0.25,0.469,0.758,
-0.164,0.414,0.773,
-0.211,0.375,0.781],[1,360.0,1.0,1.0,
0.281,0.398,0.766,
0.234,0.359,0.758,
0.211,0.375,0.781,
0.273,0.422,0.773],[1,360.0,1.0,1.0,
-0.281,0.398,0.766,
-0.273,0.422,0.773,
-0.211,0.375,0.781,
-0.234,0.359,0.758],[1,360.0,1.0,1.0,
0.336,0.406,0.75,
0.281,0.398,0.766,
0.273,0.422,0.773,
0.336,0.43,0.758],[1,360.0,1.0,1.0,
-0.336,0.406,0.75,
-0.336,0.43,0.758,
-0.273,0.422,0.773,
-0.281,0.398,0.766],[1,360.0,1.0,1.0,
0.414,0.391,0.75,
0.336,0.406,0.75,
0.336,0.43,0.758,
0.422,0.398,0.773],[1,360.0,1.0,1.0,
-0.414,0.391,0.75,
-0.422,0.398,0.773,
-0.336,0.43,0.758,
-0.336,0.406,0.75],[1,360.0,1.0,1.0,
0.531,0.336,0.68,
0.414,0.391,0.75,
0.422,0.398,0.773,
0.562,0.352,0.695],[1,360.0,1.0,1.0,
-0.531,0.336,0.68,
-0.562,0.352,0.695,
-0.422,0.398,0.773,
-0.414,0.391,0.75],[1,360.0,1.0,1.0,
0.555,0.281,0.672,
0.531,0.336,0.68,
0.562,0.352,0.695,
0.586,0.289,0.688],[1,360.0,1.0,1.0,
-0.555,0.281,0.672,
-0.586,0.289,0.688,
-0.562,0.352,0.695,
-0.531,0.336,0.68],[1,360.0,1.0,1.0,
0.547,0.211,0.672,
0.555,0.281,0.672,
0.586,0.289,0.688,
0.578,0.195,0.68],[1,360.0,1.0,1.0,
-0.547,0.211,0.672,
-0.578,0.195,0.68,
-0.586,0.289,0.688,
-0.555,0.281,0.672],[1,360.0,1.0,1.0,
0.461,0.117,0.703,
0.547,0.211,0.672,
0.578,0.195,0.68,
0.477,0.102,0.719],[1,360.0,1.0,1.0,
-0.461,0.117,0.703,
-0.477,0.102,0.719,
-0.578,0.195,0.68,
-0.547,0.211,0.672],[1,360.0,1.0,1.0,
0.375,0.086,0.727,
0.461,0.117,0.703,
0.477,0.102,0.719,
0.375,0.062,0.742],[1,360.0,1.0,1.0,
-0.375,0.086,0.727,
-0.375,0.062,0.742,
-0.477,0.102,0.719,
-0.461,0.117,0.703],[1,360.0,1.0,1.0,
0.242,0.125,0.758,
0.375,0.086,0.727,
0.375,0.062,0.742,
0.227,0.109,0.781],[1,360.0,1.0,1.0,
-0.242,0.125,0.758,
-0.227,0.109,0.781,
-0.375,0.062,0.742,
-0.375,0.086,0.727],[1,360.0,1.0,1.0,
0.203,0.172,0.75,
0.242,0.125,0.758,
0.227,0.109,0.781,
0.188,0.156,0.773],[1,360.0,1.0,1.0,
-0.203,0.172,0.75,
-0.188,0.156,0.773,
-0.227,0.109,0.781,
-0.242,0.125,0.758],[1,360.0,1.0,1.0,
0.234,0.359,0.758,
0.195,0.297,0.758,
0.18,0.297,0.781,
0.211,0.375,0.781],[1,360.0,1.0,1.0,
-0.234,0.359,0.758,
-0.211,0.375,0.781,
-0.18,0.297,0.781,
-0.195,0.297,0.758],[1,360.0,1.0,1.0,
0.195,0.297,0.758,
0.195,0.227,0.75,
0.172,0.219,0.781,
0.18,0.297,0.781],[1,360.0,1.0,1.0,
-0.195,0.297,0.758,
-0.18,0.297,0.781,
-0.172,0.219,0.781,
-0.195,0.227,0.75],[1,360.0,1.0,1.0,
0.195,0.227,0.75,
0.203,0.172,0.75,
0.188,0.156,0.773,
0.172,0.219,0.781],[1,360.0,1.0,1.0,
-0.195,0.227,0.75,
-0.172,0.219,0.781,
-0.188,0.156,0.773,
-0.203,0.172,0.75],[1,360.0,1.0,1.0,
0.0,0.406,0.602,
0.109,0.461,0.609,
0.062,0.492,0.75,
0.0,0.43,0.742],[1,360.0,1.0,1.0,
0.0,0.406,0.602,
0.0,0.43,0.742,
-0.062,0.492,0.75,
-0.109,0.461,0.609],[1,360.0,1.0,1.0,
0.109,0.461,0.609,
0.195,0.664,0.617,
0.156,0.719,0.758,
0.062,0.492,0.75],[1,360.0,1.0,1.0,
-0.109,0.461,0.609,
-0.062,0.492,0.75,
-0.156,0.719,0.758,
-0.195,0.664,0.617],[1,360.0,1.0,1.0,
0.195,0.664,0.617,
0.336,0.688,0.594,
0.32,0.758,0.734,
0.156,0.719,0.758],[1,360.0,1.0,1.0,
-0.195,0.664,0.617,
-0.156,0.719,0.758,
-0.32,0.758,0.734,
-0.336,0.688,0.594],[1,360.0,1.0,1.0,
0.336,0.688,0.594,
0.484,0.555,0.555,
0.492,0.602,0.688,
0.32,0.758,0.734],[1,360.0,1.0,1.0,
-0.336,0.688,0.594,
-0.32,0.758,0.734,
-0.492,0.602,0.688,
-0.484,0.555,0.555],[1,360.0,1.0,1.0,
0.484,0.555,0.555,
0.68,0.453,0.492,
0.711,0.484,0.625,
0.492,0.602,0.688],[1,360.0,1.0,1.0,
-0.484,0.555,0.555,
-0.492,0.602,0.688,
-0.711,0.484,0.625,
-0.68,0.453,0.492],[1,360.0,1.0,1.0,
0.68,0.453,0.492,
0.797,0.406,0.461,
0.859,0.43,0.594,
0.711,0.484,0.625],[1,360.0,1.0,1.0,
-0.68,0.453,0.492,
-0.711,0.484,0.625,
-0.859,0.43,0.594,
-0.797,0.406,0.461],[1,360.0,1.0,1.0,
0.797,0.406,0.461,
0.773,0.164,0.375,
0.828,0.148,0.445,
0.859,0.43,0.594],[1,360.0,1.0,1.0,
-0.797,0.406,0.461,
-0.859,0.43,0.594,
-0.828,0.148,0.445,
-0.773,0.164,0.375],[1,360.0,1.0,1.0,
0.773,0.164,0.375,
0.602,0.0,0.414,
0.633,-0.039,0.539,
0.828,0.148,0.445],[1,360.0,1.0,1.0,
-0.773,0.164,0.375,
-0.828,0.148,0.445,
-0.633,-0.039,0.539,
-0.602,0.0,0.414],[1,360.0,1.0,1.0,
0.602,0.0,0.414,
0.438,-0.094,0.469,
0.438,-0.141,0.531,
0.633,-0.039,0.539],[1,360.0,1.0,1.0,
-0.602,0.0,0.414,
-0.633,-0.039,0.539,
-0.438,-0.141,0.531,
-0.438,-0.094,0.469],[1,360.0,1.0,1.0,
0.125,-0.539,0.359,
0.18,-0.414,0.258,
0.0,-0.484,0.281,
0.0,-0.57,0.32],[1,360.0,1.0,1.0,
-0.125,-0.539,0.359,
0.0,-0.57,0.32,
0.0,-0.484,0.281,
-0.18,-0.414,0.258],[1,360.0,1.0,1.0,
0.141,-0.758,0.367,
0.125,-0.539,0.359,
0.0,-0.57,0.32,
0.0,-0.805,0.344],[1,360.0,1.0,1.0,
-0.141,-0.758,0.367,
0.0,-0.805,0.344,
0.0,-0.57,0.32,
-0.125,-0.539,0.359],[1,360.0,1.0,1.0,
0.164,-0.945,0.438,
0.141,-0.758,0.367,
0.0,-0.805,0.344,
0.0,-0.977,0.461],[1,360.0,1.0,1.0,
-0.164,-0.945,0.438,
0.0,-0.977,0.461,
0.0,-0.805,0.344,
-0.141,-0.758,0.367],[1,360.0,1.0,1.0,
0.164,-0.945,0.438,
0.0,-0.977,0.461,
0.0,-0.984,0.578,
0.18,-0.969,0.555],[1,360.0,1.0,1.0,
-0.164,-0.945,0.438,
-0.18,-0.969,0.555,
0.0,-0.984,0.578,
0.0,-0.977,0.461],[1,360.0,1.0,1.0,
0.328,-0.914,0.398,
0.164,-0.945,0.438,
0.18,-0.969,0.555,
0.328,-0.945,0.523],[1,360.0,1.0,1.0,
-0.328,-0.914,0.398,
-0.328,-0.945,0.523,
-0.18,-0.969,0.555,
-0.164,-0.945,0.438],[1,360.0,1.0,1.0,
0.289,-0.711,0.383,
0.328,-0.914,0.398,
0.328,-0.945,0.523,
0.367,-0.891,0.531],[1,360.0,1.0,1.0,
-0.289,-0.711,0.383,
-0.367,-0.891,0.531,
-0.328,-0.945,0.523,
-0.328,-0.914,0.398],[1,360.0,1.0,1.0,
0.25,-0.5,0.391,
0.289,-0.711,0.383,
0.367,-0.891,0.531,
0.352,-0.695,0.57],[1,360.0,1.0,1.0,
-0.25,-0.5,0.391,
-0.352,-0.695,0.57,
-0.367,-0.891,0.531,
-0.289,-0.711,0.383],[1,360.0,1.0,1.0,
0.25,-0.5,0.391,
0.125,-0.539,0.359,
0.141,-0.758,0.367,
0.289,-0.711,0.383],[1,360.0,1.0,1.0,
-0.25,-0.5,0.391,
-0.289,-0.711,0.383,
-0.141,-0.758,0.367,
-0.125,-0.539,0.359],[1,360.0,1.0,1.0,
0.141,-0.758,0.367,
0.164,-0.945,0.438,
0.328,-0.914,0.398,
0.289,-0.711,0.383],[1,360.0,1.0,1.0,
-0.141,-0.758,0.367,
-0.289,-0.711,0.383,
-0.328,-0.914,0.398,
-0.164,-0.945,0.438],[1,360.0,1.0,1.0,
0.18,-0.414,0.258,
0.125,-0.539,0.359,
0.25,-0.5,0.391,
0.234,-0.352,0.406],[1,360.0,1.0,1.0,
-0.18,-0.414,0.258,
-0.234,-0.352,0.406,
-0.25,-0.5,0.391,
-0.125,-0.539,0.359],[1,360.0,1.0,1.0,
0.234,-0.352,0.406,
0.25,-0.5,0.391,
0.352,-0.695,0.57,
0.312,-0.438,0.57],[1,360.0,1.0,1.0,
-0.234,-0.352,0.406,
-0.312,-0.438,0.57,
-0.352,-0.695,0.57,
-0.25,-0.5,0.391],[1,360.0,1.0,1.0,
0.234,-0.25,0.555,
0.211,-0.227,0.469,
0.219,-0.281,0.43,
0.258,-0.312,0.555],[1,360.0,1.0,1.0,
-0.234,-0.25,0.555,
-0.258,-0.312,0.555,
-0.219,-0.281,0.43,
-0.211,-0.227,0.469],[1,360.0,1.0,1.0,
0.258,-0.312,0.555,
0.219,-0.281,0.43,
0.234,-0.352,0.406,
0.312,-0.438,0.57],[1,360.0,1.0,1.0,
-0.258,-0.312,0.555,
-0.312,-0.438,0.57,
-0.234,-0.352,0.406,
-0.219,-0.281,0.43],[1,360.0,1.0,1.0,
0.203,-0.172,0.5,
0.211,-0.227,0.469,
0.234,-0.25,0.555,
0.203,-0.188,0.562],[1,360.0,1.0,1.0,
-0.203,-0.172,0.5,
-0.203,-0.188,0.562,
-0.234,-0.25,0.555,
-0.211,-0.227,0.469],[1,360.0,1.0,1.0,
0.438,-0.141,0.531,
0.438,-0.094,0.469,
0.203,-0.172,0.5,
0.203,-0.188,0.562],[1,360.0,1.0,1.0,
-0.438,-0.141,0.531,
-0.203,-0.188,0.562,
-0.203,-0.172,0.5,
-0.438,-0.094,0.469],[1,360.0,1.0,1.0,
0.0,-0.195,-0.672,
0.344,-0.148,-0.539,
0.336,0.055,-0.664,
0.0,0.07,-0.828],[1,360.0,1.0,1.0,
0.0,-0.195,-0.672,
0.0,0.07,-0.828,
-0.336,0.055,-0.664,
-0.344,-0.148,-0.539],[1,360.0,1.0,1.0,
0.0,-0.383,-0.352,
0.297,-0.312,-0.266,
0.344,-0.148,-0.539,
0.0,-0.195,-0.672],[1,360.0,1.0,1.0,
0.0,-0.383,-0.352,
0.0,-0.195,-0.672,
-0.344,-0.148,-0.539,
-0.297,-0.312,-0.266],[1,360.0,1.0,1.0,
0.0,-0.461,0.188,
0.211,-0.391,0.164,
0.297,-0.312,-0.266,
0.0,-0.383,-0.352],[1,360.0,1.0,1.0,
0.0,-0.461,0.188,
0.0,-0.383,-0.352,
-0.297,-0.312,-0.266,
-0.211,-0.391,0.164],[1,360.0,1.0,1.0,
0.0,-0.484,0.281,
0.18,-0.414,0.258,
0.211,-0.391,0.164,
0.0,-0.461,0.188],[1,360.0,1.0,1.0,
0.0,-0.484,0.281,
0.0,-0.461,0.188,
-0.211,-0.391,0.164,
-0.18,-0.414,0.258],[1,360.0,1.0,1.0,
0.219,-0.281,0.43,
0.211,-0.391,0.164,
0.18,-0.414,0.258,
0.234,-0.352,0.406],[1,360.0,1.0,1.0,
-0.219,-0.281,0.43,
-0.234,-0.352,0.406,
-0.18,-0.414,0.258,
-0.211,-0.391,0.164],[1,360.0,1.0,1.0,
0.852,0.234,0.055,
0.734,-0.047,0.07,
0.602,0.0,0.414,
0.773,0.164,0.375],[1,360.0,1.0,1.0,
-0.852,0.234,0.055,
-0.773,0.164,0.375,
-0.602,0.0,0.414,
-0.734,-0.047,0.07],[1,360.0,1.0,1.0,
0.0,0.07,-0.828,
0.336,0.055,-0.664,
0.461,0.438,-0.703,
0.0,0.562,-0.852],[1,360.0,1.0,1.0,
0.0,0.07,-0.828,
0.0,0.562,-0.852,
-0.461,0.438,-0.703,
-0.336,0.055,-0.664],[1,360.0,1.0,1.0,
0.0,0.984,-0.078,
0.453,0.93,-0.07,
0.453,0.852,0.234,
0.0,0.898,0.289],[1,360.0,1.0,1.0,
0.0,0.984,-0.078,
0.0,0.898,0.289,
-0.453,0.852,0.234,
-0.453,0.93,-0.07],[1,360.0,1.0,1.0,
0.0,0.898,-0.547,
0.453,0.867,-0.383,
0.453,0.93,-0.07,
0.0,0.984,-0.078],[1,360.0,1.0,1.0,
0.0,0.898,-0.547,
0.0,0.984,-0.078,
-0.453,0.93,-0.07,
-0.453,0.867,-0.383],[1,360.0,1.0,1.0,
0.0,0.562,-0.852,
0.461,0.438,-0.703,
0.453,0.867,-0.383,
0.0,0.898,-0.547],[1,360.0,1.0,1.0,
0.0,0.562,-0.852,
0.0,0.898,-0.547,
-0.453,0.867,-0.383,
-0.461,0.438,-0.703],[1,360.0,1.0,1.0,
0.633,0.453,0.281,
0.727,0.406,0.336,
0.797,0.406,0.461,
0.68,0.453,0.492],[1,360.0,1.0,1.0,
-0.633,0.453,0.281,
-0.68,0.453,0.492,
-0.797,0.406,0.461,
-0.727,0.406,0.336],[1,360.0,1.0,1.0,
0.641,0.703,0.055,
0.797,0.562,0.125,
0.727,0.406,0.336,
0.633,0.453,0.281],[1,360.0,1.0,1.0,
-0.641,0.703,0.055,
-0.633,0.453,0.281,
-0.727,0.406,0.336,
-0.797,0.562,0.125],[1,360.0,1.0,1.0,
0.641,0.75,-0.195,
0.797,0.617,-0.117,
0.797,0.562,0.125,
0.641,0.703,0.055],[1,360.0,1.0,1.0,
-0.641,0.75,-0.195,
-0.641,0.703,0.055,
-0.797,0.562,0.125,
-0.797,0.617,-0.117],[1,360.0,1.0,1.0,
0.641,0.68,-0.445,
0.797,0.539,-0.359,
0.797,0.617,-0.117,
0.641,0.75,-0.195],[1,360.0,1.0,1.0,
-0.641,0.68,-0.445,
-0.641,0.75,-0.195,
-0.797,0.617,-0.117,
-0.797,0.539,-0.359],[1,360.0,1.0,1.0,
0.797,0.539,-0.359,
0.641,0.68,-0.445,
0.617,0.328,-0.586,
0.773,0.266,-0.438],[1,360.0,1.0,1.0,
-0.797,0.539,-0.359,
-0.773,0.266,-0.438,
-0.617,0.328,-0.586,
-0.641,0.68,-0.445],[1,360.0,1.0,1.0,
0.617,0.328,-0.586,
0.641,0.68,-0.445,
0.453,0.867,-0.383,
0.461,0.438,-0.703],[1,360.0,1.0,1.0,
-0.617,0.328,-0.586,
-0.461,0.438,-0.703,
-0.453,0.867,-0.383,
-0.641,0.68,-0.445],[1,360.0,1.0,1.0,
0.641,0.68,-0.445,
0.641,0.75,-0.195,
0.453,0.93,-0.07,
0.453,0.867,-0.383],[1,360.0,1.0,1.0,
-0.641,0.68,-0.445,
-0.453,0.867,-0.383,
-0.453,0.93,-0.07,
-0.641,0.75,-0.195],[1,360.0,1.0,1.0,
0.641,0.75,-0.195,
0.641,0.703,0.055,
0.453,0.852,0.234,
0.453,0.93,-0.07],[1,360.0,1.0,1.0,
-0.641,0.75,-0.195,
-0.453,0.93,-0.07,
-0.453,0.852,0.234,
-0.641,0.703,0.055],[1,360.0,1.0,1.0,
0.641,0.703,0.055,
0.633,0.453,0.281,
0.461,0.523,0.43,
0.453,0.852,0.234],[1,360.0,1.0,1.0,
-0.641,0.703,0.055,
-0.453,0.852,0.234,
-0.461,0.523,0.43,
-0.633,0.453,0.281],[1,360.0,1.0,1.0,
0.461,0.523,0.43,
0.633,0.453,0.281,
0.68,0.453,0.492,
0.484,0.555,0.555],[1,360.0,1.0,1.0,
-0.461,0.523,0.43,
-0.484,0.555,0.555,
-0.68,0.453,0.492,
-0.633,0.453,0.281],[1,360.0,1.0,1.0,
0.0,0.898,0.289,
0.453,0.852,0.234,
0.461,0.523,0.43,
0.0,0.57,0.57],[1,360.0,1.0,1.0,
0.0,0.898,0.289,
0.0,0.57,0.57,
-0.461,0.523,0.43,
-0.453,0.852,0.234],[1,360.0,1.0,1.0,
0.484,0.555,0.555,
0.336,0.688,0.594,
0.195,0.664,0.617,
0.109,0.461,0.609],[1,360.0,1.0,1.0,
-0.484,0.555,0.555,
-0.109,0.461,0.609,
-0.195,0.664,0.617,
-0.336,0.688,0.594],[1,360.0,1.0,1.0,
0.0,0.57,0.57,
0.461,0.523,0.43,
0.484,0.555,0.555,
0.109,0.461,0.609],[1,360.0,1.0,1.0,
0.0,0.57,0.57,
-0.109,0.461,0.609,
-0.484,0.555,0.555,
-0.461,0.523,0.43],[1,360.0,1.0,1.0,
0.0,0.57,0.57,
0.109,0.461,0.609,
0.0,0.406,0.602],[1,360.0,1.0,1.0,
0.0,0.406,0.602,
-0.109,0.461,0.609,
0.0,0.57,0.57],[1,360.0,1.0,1.0,
0.727,0.406,0.336,
0.852,0.234,0.055,
0.773,0.164,0.375,
0.797,0.406,0.461],[1,360.0,1.0,1.0,
-0.727,0.406,0.336,
-0.797,0.406,0.461,
-0.773,0.164,0.375,
-0.852,0.234,0.055],[1,360.0,1.0,1.0,
0.727,0.406,0.336,
0.797,0.562,0.125,
0.859,0.32,-0.047,
0.852,0.234,0.055],[1,360.0,1.0,1.0,
-0.727,0.406,0.336,
-0.852,0.234,0.055,
-0.859,0.32,-0.047,
-0.797,0.562,0.125],[1,360.0,1.0,1.0,
0.797,0.562,0.125,
0.797,0.617,-0.117,
0.82,0.328,-0.203,
0.859,0.32,-0.047],[1,360.0,1.0,1.0,
-0.797,0.562,0.125,
-0.859,0.32,-0.047,
-0.82,0.328,-0.203,
-0.797,0.617,-0.117],[1,360.0,1.0,1.0,
0.82,0.328,-0.203,
0.797,0.617,-0.117,
0.797,0.539,-0.359,
0.773,0.266,-0.438],[1,360.0,1.0,1.0,
-0.82,0.328,-0.203,
-0.773,0.266,-0.438,
-0.797,0.539,-0.359,
-0.797,0.617,-0.117],[1,360.0,1.0,1.0,
0.406,-0.172,0.148,
0.43,-0.195,-0.211,
0.297,-0.312,-0.266,
0.211,-0.391,0.164],[1,360.0,1.0,1.0,
-0.406,-0.172,0.148,
-0.211,-0.391,0.164,
-0.297,-0.312,-0.266,
-0.43,-0.195,-0.211],[1,360.0,1.0,1.0,
0.594,-0.125,-0.164,
0.43,-0.195,-0.211,
0.406,-0.172,0.148,
0.734,-0.047,0.07],[1,360.0,1.0,1.0,
-0.594,-0.125,-0.164,
-0.734,-0.047,0.07,
-0.406,-0.172,0.148,
-0.43,-0.195,-0.211],[1,360.0,1.0,1.0,
0.734,-0.047,0.07,
0.406,-0.172,0.148,
0.438,-0.094,0.469,
0.602,0.0,0.414],[1,360.0,1.0,1.0,
-0.734,-0.047,0.07,
-0.602,0.0,0.414,
-0.438,-0.094,0.469,
-0.406,-0.172,0.148],[1,360.0,1.0,1.0,
0.406,-0.172,0.148,
0.219,-0.281,0.43,
0.211,-0.227,0.469,
0.438,-0.094,0.469],[1,360.0,1.0,1.0,
-0.406,-0.172,0.148,
-0.438,-0.094,0.469,
-0.211,-0.227,0.469,
-0.219,-0.281,0.43],[1,360.0,1.0,1.0,
0.406,-0.172,0.148,
0.211,-0.391,0.164,
0.219,-0.281,0.43],[1,360.0,1.0,1.0,
-0.219,-0.281,0.43,
-0.211,-0.391,0.164,
-0.406,-0.172,0.148],[1,360.0,1.0,1.0,
0.211,-0.227,0.469,
0.203,-0.172,0.5,
0.438,-0.094,0.469],[1,360.0,1.0,1.0,
-0.438,-0.094,0.469,
-0.203,-0.172,0.5,
-0.211,-0.227,0.469],[1,360.0,1.0,1.0,
0.617,0.328,-0.586,
0.484,0.023,-0.547,
0.641,-0.008,-0.43,
0.773,0.266,-0.438],[1,360.0,1.0,1.0,
-0.617,0.328,-0.586,
-0.773,0.266,-0.438,
-0.641,-0.008,-0.43,
-0.484,0.023,-0.547],[1,360.0,1.0,1.0,
0.336,0.055,-0.664,
0.484,0.023,-0.547,
0.617,0.328,-0.586,
0.461,0.438,-0.703],[1,360.0,1.0,1.0,
-0.336,0.055,-0.664,
-0.461,0.438,-0.703,
-0.617,0.328,-0.586,
-0.484,0.023,-0.547],[1,360.0,1.0,1.0,
0.641,-0.008,-0.43,
0.484,0.023,-0.547,
0.43,-0.195,-0.211,
0.594,-0.125,-0.164],[1,360.0,1.0,1.0,
-0.641,-0.008,-0.43,
-0.594,-0.125,-0.164,
-0.43,-0.195,-0.211,
-0.484,0.023,-0.547],[1,360.0,1.0,1.0,
0.43,-0.195,-0.211,
0.484,0.023,-0.547,
0.344,-0.148,-0.539,
0.297,-0.312,-0.266],[1,360.0,1.0,1.0,
-0.43,-0.195,-0.211,
-0.297,-0.312,-0.266,
-0.344,-0.148,-0.539,
-0.484,0.023,-0.547],[1,360.0,1.0,1.0,
0.344,-0.148,-0.539,
0.484,0.023,-0.547,
0.336,0.055,-0.664],[1,360.0,1.0,1.0,
-0.336,0.055,-0.664,
-0.484,0.023,-0.547,
-0.344,-0.148,-0.539],[1,360.0,1.0,1.0,
1.016,0.414,-0.289,
0.922,0.359,-0.219,
0.891,0.406,-0.234,
1.023,0.477,-0.312],[1,360.0,1.0,1.0,
-1.016,0.414,-0.289,
-1.023,0.477,-0.312,
-0.891,0.406,-0.234,
-0.922,0.359,-0.219],[1,360.0,1.0,1.0,
1.234,0.508,-0.422,
1.188,0.438,-0.391,
1.016,0.414,-0.289,
1.023,0.477,-0.312],[1,360.0,1.0,1.0,
-1.234,0.508,-0.422,
-1.023,0.477,-0.312,
-1.016,0.414,-0.289,
-1.188,0.438,-0.391],[1,360.0,1.0,1.0,
1.352,0.32,-0.422,
1.266,0.289,-0.406,
1.188,0.438,-0.391,
1.234,0.508,-0.422],[1,360.0,1.0,1.0,
-1.352,0.32,-0.422,
-1.234,0.508,-0.422,
-1.188,0.438,-0.391,
-1.266,0.289,-0.406],[1,360.0,1.0,1.0,
1.281,0.055,-0.43,
1.211,0.078,-0.406,
1.266,0.289,-0.406,
1.352,0.32,-0.422],[1,360.0,1.0,1.0,
-1.281,0.055,-0.43,
-1.352,0.32,-0.422,
-1.266,0.289,-0.406,
-1.211,0.078,-0.406],[1,360.0,1.0,1.0,
1.039,-0.102,-0.328,
1.031,-0.039,-0.305,
1.211,0.078,-0.406,
1.281,0.055,-0.43],[1,360.0,1.0,1.0,
-1.039,-0.102,-0.328,
-1.281,0.055,-0.43,
-1.211,0.078,-0.406,
-1.031,-0.039,-0.305],[1,360.0,1.0,1.0,
0.773,-0.141,-0.125,
0.828,-0.07,-0.133,
1.031,-0.039,-0.305,
1.039,-0.102,-0.328],[1,360.0,1.0,1.0,
-0.773,-0.141,-0.125,
-1.039,-0.102,-0.328,
-1.031,-0.039,-0.305,
-0.828,-0.07,-0.133],[1,360.0,1.0,1.0,
0.828,-0.07,-0.133,
0.883,-0.023,-0.211,
1.039,0.0,-0.367,
1.031,-0.039,-0.305],[1,360.0,1.0,1.0,
-0.828,-0.07,-0.133,
-1.031,-0.039,-0.305,
-1.039,0.0,-0.367,
-0.883,-0.023,-0.211],[1,360.0,1.0,1.0,
1.031,-0.039,-0.305,
1.039,0.0,-0.367,
1.188,0.094,-0.445,
1.211,0.078,-0.406],[1,360.0,1.0,1.0,
-1.031,-0.039,-0.305,
-1.211,0.078,-0.406,
-1.188,0.094,-0.445,
-1.039,0.0,-0.367],[1,360.0,1.0,1.0,
1.211,0.078,-0.406,
1.188,0.094,-0.445,
1.234,0.25,-0.445,
1.266,0.289,-0.406],[1,360.0,1.0,1.0,
-1.211,0.078,-0.406,
-1.266,0.289,-0.406,
-1.234,0.25,-0.445,
-1.188,0.094,-0.445],[1,360.0,1.0,1.0,
1.266,0.289,-0.406,
1.234,0.25,-0.445,
1.172,0.359,-0.438,
1.188,0.438,-0.391],[1,360.0,1.0,1.0,
-1.266,0.289,-0.406,
-1.188,0.438,-0.391,
-1.172,0.359,-0.438,
-1.234,0.25,-0.445],[1,360.0,1.0,1.0,
1.188,0.438,-0.391,
1.172,0.359,-0.438,
1.023,0.344,-0.359,
1.016,0.414,-0.289],[1,360.0,1.0,1.0,
-1.188,0.438,-0.391,
-1.016,0.414,-0.289,
-1.023,0.344,-0.359,
-1.172,0.359,-0.438],[1,360.0,1.0,1.0,
1.023,0.344,-0.359,
0.945,0.305,-0.289,
0.922,0.359,-0.219,
1.016,0.414,-0.289],[1,360.0,1.0,1.0,
-1.023,0.344,-0.359,
-1.016,0.414,-0.289,
-0.922,0.359,-0.219,
-0.945,0.305,-0.289],[1,360.0,1.0,1.0,
0.727,0.0,-0.07,
0.719,-0.023,-0.172,
0.594,-0.125,-0.164,
0.734,-0.047,0.07],[1,360.0,1.0,1.0,
-0.727,0.0,-0.07,
-0.734,-0.047,0.07,
-0.594,-0.125,-0.164,
-0.719,-0.023,-0.172],[1,360.0,1.0,1.0,
0.719,-0.023,-0.172,
0.828,-0.07,-0.133,
0.773,-0.141,-0.125,
0.594,-0.125,-0.164],[1,360.0,1.0,1.0,
-0.719,-0.023,-0.172,
-0.594,-0.125,-0.164,
-0.773,-0.141,-0.125,
-0.828,-0.07,-0.133],[1,360.0,1.0,1.0,
0.859,0.32,-0.047,
0.727,0.0,-0.07,
0.734,-0.047,0.07,
0.852,0.234,0.055],[1,360.0,1.0,1.0,
-0.859,0.32,-0.047,
-0.852,0.234,0.055,
-0.734,-0.047,0.07,
-0.727,0.0,-0.07],[1,360.0,1.0,1.0,
0.891,0.406,-0.234,
0.922,0.359,-0.219,
0.844,0.289,-0.211,
0.82,0.328,-0.203],[1,360.0,1.0,1.0,
-0.891,0.406,-0.234,
-0.82,0.328,-0.203,
-0.844,0.289,-0.211,
-0.922,0.359,-0.219],[1,360.0,1.0,1.0,
0.719,-0.023,-0.172,
0.812,-0.016,-0.273,
0.883,-0.023,-0.211,
0.828,-0.07,-0.133],[1,360.0,1.0,1.0,
-0.719,-0.023,-0.172,
-0.828,-0.07,-0.133,
-0.883,-0.023,-0.211,
-0.812,-0.016,-0.273],[1,360.0,1.0,1.0,
0.812,-0.016,-0.273,
0.719,-0.023,-0.172,
0.719,0.039,-0.188,
0.844,0.016,-0.273],[1,360.0,1.0,1.0,
-0.812,-0.016,-0.273,
-0.844,0.016,-0.273,
-0.719,0.039,-0.188,
-0.719,-0.023,-0.172],[1,360.0,1.0,1.0,
0.82,0.086,-0.273,
0.844,0.016,-0.273,
0.719,0.039,-0.188,
0.758,0.094,-0.273],[1,360.0,1.0,1.0,
-0.82,0.086,-0.273,
-0.758,0.094,-0.273,
-0.719,0.039,-0.188,
-0.844,0.016,-0.273],[1,360.0,1.0,1.0,
0.758,0.094,-0.273,
0.719,0.039,-0.188,
0.797,0.203,-0.211,
0.836,0.172,-0.273],[1,360.0,1.0,1.0,
-0.758,0.094,-0.273,
-0.836,0.172,-0.273,
-0.797,0.203,-0.211,
-0.719,0.039,-0.188],[1,360.0,1.0,1.0,
0.891,0.242,-0.266,
0.836,0.172,-0.273,
0.797,0.203,-0.211,
0.844,0.289,-0.211],[1,360.0,1.0,1.0,
-0.891,0.242,-0.266,
-0.844,0.289,-0.211,
-0.797,0.203,-0.211,
-0.836,0.172,-0.273],[1,360.0,1.0,1.0,
0.945,0.305,-0.289,
0.891,0.242,-0.266,
0.844,0.289,-0.211,
0.922,0.359,-0.219],[1,360.0,1.0,1.0,
-0.945,0.305,-0.289,
-0.922,0.359,-0.219,
-0.844,0.289,-0.211,
-0.891,0.242,-0.266],[1,360.0,1.0,1.0,
0.82,0.328,-0.203,
0.844,0.289,-0.211,
0.797,0.203,-0.211,
0.859,0.32,-0.047],[1,360.0,1.0,1.0,
-0.82,0.328,-0.203,
-0.859,0.32,-0.047,
-0.797,0.203,-0.211,
-0.844,0.289,-0.211],[1,360.0,1.0,1.0,
0.797,0.203,-0.211,
0.719,0.039,-0.188,
0.727,0.0,-0.07,
0.859,0.32,-0.047],[1,360.0,1.0,1.0,
-0.797,0.203,-0.211,
-0.859,0.32,-0.047,
-0.727,0.0,-0.07,
-0.719,0.039,-0.188],[1,360.0,1.0,1.0,
0.719,0.039,-0.188,
0.719,-0.023,-0.172,
0.727,0.0,-0.07],[1,360.0,1.0,1.0,
-0.727,0.0,-0.07,
-0.719,-0.023,-0.172,
-0.719,0.039,-0.188],[1,360.0,1.0,1.0,
0.953,0.289,-0.344,
0.891,0.234,-0.32,
0.891,0.242,-0.266,
0.945,0.305,-0.289],[1,360.0,1.0,1.0,
-0.953,0.289,-0.344,
-0.945,0.305,-0.289,
-0.891,0.242,-0.266,
-0.891,0.234,-0.32],[1,360.0,1.0,1.0,
0.891,0.234,-0.32,
0.844,0.172,-0.32,
0.836,0.172,-0.273,
0.891,0.242,-0.266],[1,360.0,1.0,1.0,
-0.891,0.234,-0.32,
-0.891,0.242,-0.266,
-0.836,0.172,-0.273,
-0.844,0.172,-0.32],[1,360.0,1.0,1.0,
0.844,0.172,-0.32,
0.766,0.094,-0.32,
0.758,0.094,-0.273,
0.836,0.172,-0.273],[1,360.0,1.0,1.0,
-0.844,0.172,-0.32,
-0.836,0.172,-0.273,
-0.758,0.094,-0.273,
-0.766,0.094,-0.32],[1,360.0,1.0,1.0,
0.766,0.094,-0.32,
0.828,0.078,-0.32,
0.82,0.086,-0.273,
0.758,0.094,-0.273],[1,360.0,1.0,1.0,
-0.766,0.094,-0.32,
-0.758,0.094,-0.273,
-0.82,0.086,-0.273,
-0.828,0.078,-0.32],[1,360.0,1.0,1.0,
0.828,0.078,-0.32,
0.852,0.016,-0.32,
0.844,0.016,-0.273,
0.82,0.086,-0.273],[1,360.0,1.0,1.0,
-0.828,0.078,-0.32,
-0.82,0.086,-0.273,
-0.844,0.016,-0.273,
-0.852,0.016,-0.32],[1,360.0,1.0,1.0,
0.852,0.016,-0.32,
0.812,-0.016,-0.32,
0.812,-0.016,-0.273,
0.844,0.016,-0.273],[1,360.0,1.0,1.0,
-0.852,0.016,-0.32,
-0.844,0.016,-0.273,
-0.812,-0.016,-0.273,
-0.812,-0.016,-0.32],[1,360.0,1.0,1.0,
0.812,-0.016,-0.32,
0.883,-0.016,-0.266,
0.883,-0.023,-0.211,
0.812,-0.016,-0.273],[1,360.0,1.0,1.0,
-0.812,-0.016,-0.32,
-0.812,-0.016,-0.273,
-0.883,-0.023,-0.211,
-0.883,-0.016,-0.266],[1,360.0,1.0,1.0,
1.039,0.328,-0.414,
0.953,0.289,-0.344,
0.945,0.305,-0.289,
1.023,0.344,-0.359],[1,360.0,1.0,1.0,
-1.039,0.328,-0.414,
-1.023,0.344,-0.359,
-0.945,0.305,-0.289,
-0.953,0.289,-0.344],[1,360.0,1.0,1.0,
1.188,0.344,-0.484,
1.039,0.328,-0.414,
1.023,0.344,-0.359,
1.172,0.359,-0.438],[1,360.0,1.0,1.0,
-1.188,0.344,-0.484,
-1.172,0.359,-0.438,
-1.023,0.344,-0.359,
-1.039,0.328,-0.414],[1,360.0,1.0,1.0,
1.258,0.242,-0.492,
1.188,0.344,-0.484,
1.172,0.359,-0.438,
1.234,0.25,-0.445],[1,360.0,1.0,1.0,
-1.258,0.242,-0.492,
-1.234,0.25,-0.445,
-1.172,0.359,-0.438,
-1.188,0.344,-0.484],[1,360.0,1.0,1.0,
1.211,0.086,-0.484,
1.258,0.242,-0.492,
1.234,0.25,-0.445,
1.188,0.094,-0.445],[1,360.0,1.0,1.0,
-1.211,0.086,-0.484,
-1.188,0.094,-0.445,
-1.234,0.25,-0.445,
-1.258,0.242,-0.492],[1,360.0,1.0,1.0,
1.047,0.0,-0.422,
1.211,0.086,-0.484,
1.188,0.094,-0.445,
1.039,0.0,-0.367],[1,360.0,1.0,1.0,
-1.047,0.0,-0.422,
-1.039,0.0,-0.367,
-1.188,0.094,-0.445,
-1.211,0.086,-0.484],[1,360.0,1.0,1.0,
0.883,-0.016,-0.266,
1.047,0.0,-0.422,
1.039,0.0,-0.367,
0.883,-0.023,-0.211],[1,360.0,1.0,1.0,
-0.883,-0.016,-0.266,
-0.883,-0.023,-0.211,
-1.039,0.0,-0.367,
-1.047,0.0,-0.422],[1,360.0,1.0,1.0,
0.891,0.109,-0.328,
0.938,0.062,-0.336,
0.852,0.016,-0.32,
0.828,0.078,-0.32],[1,360.0,1.0,1.0,
-0.891,0.109,-0.328,
-0.828,0.078,-0.32,
-0.852,0.016,-0.32,
-0.938,0.062,-0.336],[1,360.0,1.0,1.0,
0.961,0.172,-0.352,
1.0,0.125,-0.367,
0.938,0.062,-0.336,
0.891,0.109,-0.328],[1,360.0,1.0,1.0,
-0.961,0.172,-0.352,
-0.891,0.109,-0.328,
-0.938,0.062,-0.336,
-1.0,0.125,-0.367],[1,360.0,1.0,1.0,
1.016,0.234,-0.375,
1.055,0.188,-0.383,
1.0,0.125,-0.367,
0.961,0.172,-0.352],[1,360.0,1.0,1.0,
-1.016,0.234,-0.375,
-0.961,0.172,-0.352,
-1.0,0.125,-0.367,
-1.055,0.188,-0.383],[1,360.0,1.0,1.0,
1.086,0.273,-0.391,
1.109,0.211,-0.391,
1.055,0.188,-0.383,
1.016,0.234,-0.375],[1,360.0,1.0,1.0,
-1.086,0.273,-0.391,
-1.016,0.234,-0.375,
-1.055,0.188,-0.383,
-1.109,0.211,-0.391],[1,360.0,1.0,1.0,
1.086,0.273,-0.391,
1.016,0.234,-0.375,
0.953,0.289,-0.344,
1.039,0.328,-0.414],[1,360.0,1.0,1.0,
-1.086,0.273,-0.391,
-1.039,0.328,-0.414,
-0.953,0.289,-0.344,
-1.016,0.234,-0.375],[1,360.0,1.0,1.0,
0.953,0.289,-0.344,
1.016,0.234,-0.375,
0.961,0.172,-0.352,
0.891,0.234,-0.32],[1,360.0,1.0,1.0,
-0.953,0.289,-0.344,
-0.891,0.234,-0.32,
-0.961,0.172,-0.352,
-1.016,0.234,-0.375],[1,360.0,1.0,1.0,
0.961,0.172,-0.352,
0.891,0.109,-0.328,
0.844,0.172,-0.32,
0.891,0.234,-0.32],[1,360.0,1.0,1.0,
-0.961,0.172,-0.352,
-0.891,0.234,-0.32,
-0.844,0.172,-0.32,
-0.891,0.109,-0.328],[1,360.0,1.0,1.0,
0.766,0.094,-0.32,
0.844,0.172,-0.32,
0.891,0.109,-0.328,
0.828,0.078,-0.32],[1,360.0,1.0,1.0,
-0.766,0.094,-0.32,
-0.828,0.078,-0.32,
-0.891,0.109,-0.328,
-0.844,0.172,-0.32],[1,360.0,1.0,1.0,
0.852,0.016,-0.32,
0.938,0.062,-0.336,
0.883,-0.016,-0.266,
0.812,-0.016,-0.32],[1,360.0,1.0,1.0,
-0.852,0.016,-0.32,
-0.812,-0.016,-0.32,
-0.883,-0.016,-0.266,
-0.938,0.062,-0.336],[1,360.0,1.0,1.0,
0.883,-0.016,-0.266,
0.938,0.062,-0.336,
1.0,0.125,-0.367,
1.047,0.0,-0.422],[1,360.0,1.0,1.0,
-0.883,-0.016,-0.266,
-1.047,0.0,-0.422,
-1.0,0.125,-0.367,
-0.938,0.062,-0.336],[1,360.0,1.0,1.0,
1.047,0.0,-0.422,
1.0,0.125,-0.367,
1.055,0.188,-0.383,
1.211,0.086,-0.484],[1,360.0,1.0,1.0,
-1.047,0.0,-0.422,
-1.211,0.086,-0.484,
-1.055,0.188,-0.383,
-1.0,0.125,-0.367],[1,360.0,1.0,1.0,
1.211,0.086,-0.484,
1.055,0.188,-0.383,
1.109,0.211,-0.391,
1.258,0.242,-0.492],[1,360.0,1.0,1.0,
-1.211,0.086,-0.484,
-1.258,0.242,-0.492,
-1.109,0.211,-0.391,
-1.055,0.188,-0.383],[1,360.0,1.0,1.0,
1.258,0.242,-0.492,
1.109,0.211,-0.391,
1.086,0.273,-0.391,
1.188,0.344,-0.484],[1,360.0,1.0,1.0,
-1.258,0.242,-0.492,
-1.188,0.344,-0.484,
-1.086,0.273,-0.391,
-1.109,0.211,-0.391],[1,360.0,1.0,1.0,
1.188,0.344,-0.484,
1.086,0.273,-0.391,
1.039,0.328,-0.414],[1,360.0,1.0,1.0,
-1.039,0.328,-0.414,
-1.086,0.273,-0.391,
-1.188,0.344,-0.484],[1,360.0,1.0,1.0,
1.039,-0.086,-0.492,
0.789,-0.125,-0.328,
0.773,-0.141,-0.125,
1.039,-0.102,-0.328],[1,360.0,1.0,1.0,
-1.039,-0.086,-0.492,
-1.039,-0.102,-0.328,
-0.773,-0.141,-0.125,
-0.789,-0.125,-0.328],[1,360.0,1.0,1.0,
1.312,0.055,-0.531,
1.039,-0.086,-0.492,
1.039,-0.102,-0.328,
1.281,0.055,-0.43],[1,360.0,1.0,1.0,
-1.312,0.055,-0.531,
-1.281,0.055,-0.43,
-1.039,-0.102,-0.328,
-1.039,-0.086,-0.492],[1,360.0,1.0,1.0,
1.367,0.297,-0.5,
1.312,0.055,-0.531,
1.281,0.055,-0.43,
1.352,0.32,-0.422],[1,360.0,1.0,1.0,
-1.367,0.297,-0.5,
-1.352,0.32,-0.422,
-1.281,0.055,-0.43,
-1.312,0.055,-0.531],[1,360.0,1.0,1.0,
1.25,0.469,-0.547,
1.367,0.297,-0.5,
1.352,0.32,-0.422,
1.234,0.508,-0.422],[1,360.0,1.0,1.0,
-1.25,0.469,-0.547,
-1.234,0.508,-0.422,
-1.352,0.32,-0.422,
-1.367,0.297,-0.5],[1,360.0,1.0,1.0,
1.023,0.438,-0.484,
1.25,0.469,-0.547,
1.234,0.508,-0.422,
1.023,0.477,-0.312],[1,360.0,1.0,1.0,
-1.023,0.438,-0.484,
-1.023,0.477,-0.312,
-1.234,0.508,-0.422,
-1.25,0.469,-0.547],[1,360.0,1.0,1.0,
0.859,0.383,-0.383,
1.023,0.438,-0.484,
1.023,0.477,-0.312,
0.891,0.406,-0.234],[1,360.0,1.0,1.0,
-0.859,0.383,-0.383,
-0.891,0.406,-0.234,
-1.023,0.477,-0.312,
-1.023,0.438,-0.484],[1,360.0,1.0,1.0,
0.859,0.383,-0.383,
0.789,-0.125,-0.328,
1.039,-0.086,-0.492,
1.023,0.438,-0.484],[1,360.0,1.0,1.0,
-0.859,0.383,-0.383,
-1.023,0.438,-0.484,
-1.039,-0.086,-0.492,
-0.789,-0.125,-0.328],[1,360.0,1.0,1.0,
1.039,-0.086,-0.492,
1.312,0.055,-0.531,
1.25,0.469,-0.547,
1.023,0.438,-0.484],[1,360.0,1.0,1.0,
-1.039,-0.086,-0.492,
-1.023,0.438,-0.484,
-1.25,0.469,-0.547,
-1.312,0.055,-0.531],[1,360.0,1.0,1.0,
1.312,0.055,-0.531,
1.367,0.297,-0.5,
1.25,0.469,-0.547],[1,360.0,1.0,1.0,
-1.25,0.469,-0.547,
-1.367,0.297,-0.5,
-1.312,0.055,-0.531],[1,360.0,1.0,1.0,
0.859,0.383,-0.383,
0.891,0.406,-0.234,
0.82,0.328,-0.203,
0.773,0.266,-0.438],[1,360.0,1.0,1.0,
-0.859,0.383,-0.383,
-0.773,0.266,-0.438,
-0.82,0.328,-0.203,
-0.891,0.406,-0.234],[1,360.0,1.0,1.0,
0.641,-0.008,-0.43,
0.789,-0.125,-0.328,
0.859,0.383,-0.383,
0.773,0.266,-0.438],[1,360.0,1.0,1.0,
-0.641,-0.008,-0.43,
-0.773,0.266,-0.438,
-0.859,0.383,-0.383,
-0.789,-0.125,-0.328],[1,360.0,1.0,1.0,
0.773,-0.141,-0.125,
0.789,-0.125,-0.328,
0.641,-0.008,-0.43,
0.594,-0.125,-0.164],[1,360.0,1.0,1.0,
-0.773,-0.141,-0.125,
-0.594,-0.125,-0.164,
-0.641,-0.008,-0.43,
-0.789,-0.125,-0.328]
]